286	14370
50	14142
100	12511
313	12362
748	10976
269	10746
1	10630
127	10628
121	10573
7	10416
174	10118
117	10054
56	10008
237	9832
98	9557
222	9225
172	9107
405	9022
301	8977
289	8864
79	8840
204	8580
678	8247
22	8202
210	8136
257	8122
69	8070
12	8052
173	8002
276	7970
195	7863
9	7853
64	7701
96	7680
168	7583
151	7580
742	7522
25	7496
176	7423
423	7396
183	7378
118	7344
111	7286
475	7284
546	7267
216	7255
11	7251
234	7231
751	7089
273	7046
28	6992
89	6951
191	6948
15	6920
315	6882
202	6882
82	6786
357	6723
282	6716
125	6690
70	6619
144	6610
298	6575
97	6567
471	6558
238	6524
196	6520
182	6483
690	6473
250	6442
508	6435
135	6420
275	6375
235	6364
568	6329
310	6260
185	6253
597	6142
153	6140
879	6139
4	6138
228	6135
655	6124
270	6106
132	6100
186	6088
259	6036
265	5985
95	5958
187	5915
197	5886
179	5883
483	5875
147	5873
591	5858
161	5852
8	5830
200	5812
750	5726
180	5707
385	5691
358	5669
603	5614
71	5582
194	5568
248	5565
403	5561
215	5538
628	5465
284	5452
58	5447
124	5436
143	5423
316	5385
203	5327
134	5315
496	5313
527	5277
209	5246
13	5227
515	5226
23	5224
304	5222
88	5199
427	5198
435	5196
684	5181
230	5177
175	5169
588	5159
845	5154
24	5125
566	5122
895	5080
293	5072
255	5054
211	4972
218	4971
150	4941
732	4934
433	4916
393	4911
651	4895
292	4873
367	4842
685	4835
188	4826
479	4824
252	4818
274	4797
1016	4794
226	4782
411	4766
208	4730
474	4707
281	4705
480	4688
99	4672
55	4669
455	4665
31	4660
137	4659
14	4654
283	4642
472	4635
223	4559
682	4544
410	4543
402	4542
550	4514
229	4506
285	4496
582	4487
246	4482
511	4462
692	4456
42	4451
419	4439
443	4438
240	4429
154	4424
739	4411
83	4407
193	4391
243	4359
249	4326
431	4305
156	4284
227	4276
164	4273
77	4272
451	4265
87	4239
305	4230
689	4221
239	4217
66	4212
199	4207
432	4167
514	4159
231	4146
763	4121
476	4115
531	4097
291	4078
148	4072
735	4042
68	4025
462	4021
1047	3998
559	3993
129	3979
133	3963
47	3958
312	3954
86	3944
241	3915
2	3903
53	3897
242	3891
91	3877
123	3869
660	3817
654	3811
198	3809
93	3799
38	3790
109	3786
523	3766
62	3747
746	3714
762	3707
217	3697
1028	3684
657	3675
157	3651
473	3622
447	3605
72	3603
92	3600
306	3599
184	3594
81	3589
73	3589
498	3573
116	3553
873	3517
65	3515
482	3496
418	3485
233	3477
29	3469
815	3459
887	3459
177	3448
631	3425
1011	3423
192	3415
190	3400
421	3399
520	3389
705	3376
484	3370
262	3369
122	3323
311	3314
213	3313
501	3312
596	3312
1012	3308
1014	3307
470	3285
94	3270
170	3245
380	3241
693	3240
509	3238
219	3235
928	3228
510	3218
382	3209
866	3206
54	3206
178	3196
526	3192
48	3189
205	3185
554	3184
756	3181
549	3136
919	3118
17	3096
823	3093
232	3090
504	3087
290	3085
831	3082
33	3073
428	3070
295	3061
159	3056
518	3028
665	3012
356	3009
528	3006
715	2999
3	2988
709	2985
687	2982
578	2981
449	2977
39	2974
747	2962
521	2951
880	2950
825	2947
485	2942
652	2928
169	2905
155	2905
820	2878
436	2877
679	2871
636	2847
458	2845
663	2836
744	2828
67	2824
576	2817
1039	2816
5	2810
477	2806
988	2795
926	2795
408	2780
448	2774
287	2770
225	2761
425	2759
658	2758
754	2755
10	2753
708	2750
44	2747
755	2744
201	2744
898	2733
404	2731
696	2725
875	2716
659	2705
619	2705
792	2703
90	2692
126	2687
506	2682
699	2674
544	2667
51	2665
717	2662
538	2655
412	2650
886	2648
930	2648
876	2646
381	2642
729	2606
924	2605
749	2601
676	2599
720	2595
877	2593
642	2587
136	2572
49	2568
32	2568
461	2560
529	2555
558	2545
214	2543
162	2539
864	2528
1048	2521
378	2507
59	2494
399	2483
386	2479
277	2468
881	2466
52	2462
280	2459
429	2452
20	2452
221	2440
131	2436
1074	2434
673	2425
21	2424
781	2416
826	2411
212	2402
26	2397
517	2397
752	2392
478	2388
430	2388
710	2369
569	2369
1073	2347
778	2346
507	2338
713	2334
469	2322
683	2317
420	2307
902	2304
160	2286
163	2279
625	2264
640	2256
892	2246
171	2241
128	2234
827	2227
463	2226
387	2217
401	2217
595	2211
152	2210
661	2205
896	2203
384	2200
45	2197
627	2191
736	2184
553	2183
872	2182
959	2174
688	2172
1101	2160
672	2149
686	2148
662	2137
724	2134
900	2123
650	2121
452	2115
106	2109
984	2099
409	2097
465	2091
871	2086
396	2074
63	2067
647	2062
741	2061
604	2050
939	2050
297	2049
629	2045
105	2043
417	2042
790	2041
141	2037
890	2029
780	2024
27	2019
993	2018
108	2011
806	2011
145	2008
392	2003
931	2001
61	1994
539	1991
770	1987
505	1986
1025	1986
76	1984
530	1983
840	1979
1009	1973
85	1966
607	1962
1119	1945
363	1944
727	1936
468	1931
874	1931
561	1930
491	1925
80	1924
707	1924
207	1922
847	1918
525	1917
60	1907
1035	1903
101	1897
813	1894
120	1885
261	1881
236	1879
721	1870
519	1865
948	1859
19	1858
371	1856
937	1856
833	1855
167	1842
584	1842
488	1839
535	1836
824	1834
789	1824
254	1823
413	1822
497	1818
975	1817
949	1814
616	1814
632	1802
266	1801
737	1801
512	1798
406	1791
977	1789
40	1788
722	1784
481	1781
581	1776
855	1774
278	1756
516	1754
702	1753
606	1746
220	1745
849	1744
366	1739
1226	1739
680	1735
513	1733
761	1730
1010	1727
1041	1724
716	1723
882	1721
969	1719
450	1716
905	1712
391	1709
1017	1707
1007	1706
934	1696
244	1693
760	1680
772	1666
942	1661
1013	1657
140	1654
467	1653
492	1650
414	1647
589	1638
768	1637
1142	1632
955	1631
1089	1630
809	1626
158	1626
740	1620
649	1619
541	1617
979	1615
547	1613
493	1612
1067	1607
946	1599
251	1597
1135	1595
189	1593
502	1592
369	1589
633	1587
540	1586
570	1582
681	1580
206	1561
466	1560
416	1552
794	1551
434	1549
308	1548
620	1547
956	1545
379	1545
1134	1544
1046	1542
802	1541
989	1540
165	1537
846	1532
878	1528
1197	1526
486	1522
166	1519
552	1514
995	1512
841	1511
43	1503
494	1501
614	1500
562	1500
1228	1500
923	1496
114	1496
844	1492
810	1491
728	1489
499	1486
609	1483
542	1481
224	1478
990	1472
769	1463
675	1460
1244	1458
142	1451
1217	1445
139	1437
952	1430
771	1427
648	1427
1221	1421
1051	1414
1079	1412
487	1405
489	1403
712	1402
441	1399
362	1399
783	1398
456	1395
1065	1383
1044	1382
1098	1381
943	1380
615	1379
365	1377
495	1369
921	1368
395	1364
1210	1361
572	1358
765	1352
922	1350
929	1335
1267	1333
107	1332
1022	1331
941	1330
674	1329
407	1327
102	1315
731	1314
697	1310
1008	1310
602	1309
819	1308
991	1307
1118	1306
1023	1305
785	1304
444	1295
1258	1280
57	1278
938	1274
1220	1268
936	1267
16	1266
963	1266
41	1262
522	1260
370	1258
925	1256
829	1255
490	1253
670	1250
610	1249
583	1248
779	1236
577	1234
656	1233
1188	1224
639	1221
944	1220
460	1218
723	1218
796	1218
373	1213
1091	1212
1090	1205
774	1203
457	1202
664	1202
586	1201
637	1195
908	1194
638	1193
856	1193
743	1188
575	1180
932	1178
1019	1176
800	1170
694	1168
1139	1167
974	1165
1059	1162
567	1159
500	1158
1136	1156
906	1145
585	1139
808	1135
78	1133
1265	1127
916	1126
950	1126
903	1124
646	1124
1110	1122
1137	1119
644	1118
653	1117
537	1107
1132	1104
564	1104
1129	1097
691	1096
671	1095
364	1093
885	1082
818	1079
503	1071
764	1067
1063	1063
945	1059
279	1059
951	1058
961	1055
1160	1046
1020	1039
426	1039
1070	1038
980	1037
1194	1035
623	1028
263	1028
1050	1028
940	1025
253	1025
888	1024
1245	1024
571	1021
1038	1021
904	1018
1170	1015
372	1010
797	1009
1296	1009
971	1009
865	1006
978	1002
1095	1002
734	1001
46	995
1215	994
573	994
30	988
960	986
1284	982
622	977
1199	977
464	976
563	975
611	975
1034	974
1021	971
1042	967
524	965
805	964
775	960
1060	956
359	955
842	953
869	952
1315	952
821	947
1109	926
972	923
1033	922
719	920
1018	919
1052	917
966	913
551	911
738	911
532	908
1115	906
1280	906
909	905
753	904
612	899
1143	896
1053	895
1086	895
1176	895
149	891
630	890
843	890
894	889
1222	888
6	888
1045	885
915	880
398	879
834	877
608	875
534	872
309	866
1163	866
1208	866
1061	862
388	860
1157	857
1105	855
837	854
1153	843
1097	840
986	834
368	832
883	830
605	828
635	824
634	824
730	820
383	819
1313	819
1407	816
1218	814
110	813
580	805
1040	801
645	800
445	797
816	792
1006	791
1240	790
415	788
590	785
985	783
933	781
641	779
1133	779
1248	778
854	777
1152	776
1049	772
613	769
953	766
1024	763
1103	762
836	753
1147	753
758	746
1277	743
773	741
893	740
1411	739
1054	739
375	737
624	734
832	732
533	731
1069	727
1478	726
459	725
795	724
130	721
565	717
1168	716
1005	711
801	711
863	710
982	708
256	707
853	706
1231	698
601	697
889	693
1088	692
914	691
1113	689
1283	689
962	688
84	687
1036	685
718	675
389	674
983	673
1084	671
1037	671
733	670
1126	669
424	666
901	665
112	662
1071	662
1001	659
1057	656
1232	655
1483	652
1278	652
782	648
1062	644
811	641
1131	641
1093	640
1291	639
1127	635
1314	635
1058	628
786	627
453	623
912	623
1107	623
360	619
997	614
965	614
669	612
587	611
1187	610
1166	609
1120	609
725	608
1286	606
1085	603
543	601
557	600
1273	599
1281	597
454	597
1149	592
574	590
1303	590
1112	589
860	589
1239	588
1082	586
812	584
1401	583
422	582
1207	581
803	580
1140	580
859	576
767	574
918	569
376	568
1178	568
703	567
1434	566
394	564
1419	564
361	560
1243	560
704	551
870	550
36	546
1276	544
1078	541
1161	540
1255	540
759	539
807	539
1068	538
700	537
1169	536
1379	535
1254	533
579	531
698	530
1311	527
828	526
1279	521
766	520
1426	517
536	517
793	511
1514	510
862	510
899	509
556	507
1171	507
1092	505
560	505
1206	504
440	503
1428	503
138	502
917	499
1404	497
787	496
400	496
976	496
1225	495
1337	494
1446	492
1518	490
1252	489
1295	481
617	481
1185	480
618	476
1393	476
1056	472
1183	471
1128	469
1300	469
1230	467
1238	465
1224	465
1263	463
1173	462
695	461
1219	460
1192	460
1204	459
745	459
1209	458
1335	458
1172	457
1030	455
1234	454
667	452
1165	450
947	449
798	448
791	447
103	447
1400	446
1203	446
958	445
884	445
621	443
1117	442
1121	442
1375	440
1214	435
867	433
1395	429
1620	428
726	427
1285	427
1421	426
115	425
935	422
1237	422
1184	415
1032	415
848	413
1094	412
910	410
1527	409
548	408
1444	407
377	406
545	405
1211	405
714	405
1202	404
1294	404
998	401
1015	398
1264	396
37	396
1182	396
1141	393
1076	393
1229	392
1288	390
1081	389
911	386
390	385
1198	380
1029	380
1274	380
1462	380
555	377
1598	376
592	375
1451	374
1174	373
1249	372
804	371
1000	370
968	370
1394	368
1190	366
1002	365
776	365
835	365
1087	365
1262	364
1167	363
1388	361
1336	357
1469	357
1251	356
18	356
1282	356
1378	356
1180	353
1253	353
267	352
1150	352
994	352
964	350
1216	350
397	349
1540	349
146	349
1615	348
1066	347
1241	346
1099	343
1111	342
1077	340
1268	340
927	339
113	338
1100	337
1151	337
1154	335
34	334
981	334
1297	334
1380	332
446	331
1114	330
1181	330
1289	328
1425	327
891	326
1257	325
1439	324
1405	323
1193	322
1441	322
1159	320
1145	318
996	315
954	314
1055	312
668	311
1376	311
1386	309
374	308
1399	307
1179	305
1479	305
593	305
314	303
1501	302
1256	302
1385	301
1381	300
1609	299
1415	299
438	299
999	298
1392	297
1302	296
1591	296
1475	294
1195	291
1322	290
1319	289
967	284
1356	284
1292	283
1004	282
1269	282
1287	280
1213	277
1643	274
1270	274
1607	273
1312	273
1233	271
1511	270
296	270
1266	270
1102	268
1075	267
1471	267
987	263
1368	261
706	259
74	259
1600	258
1437	258
1377	258
1246	258
1592	257
1480	257
992	256
970	256
1445	255
1503	253
1664	252
1106	251
1383	251
1431	251
897	250
1538	248
1473	247
1589	245
1605	245
35	245
1344	244
777	244
1560	243
1144	243
1227	242
1026	242
1212	242
799	239
1658	238
439	236
437	236
1275	236
1298	236
817	235
1537	234
1435	234
1138	233
1382	232
757	232
1416	232
913	232
1612	230
1108	228
1466	227
1440	226
1083	225
822	225
1384	224
1387	224
1391	224
1403	222
851	222
1293	221
858	221
1316	220
1534	220
839	219
1468	218
594	217
1495	216
861	216
1369	216
850	216
1116	215
1351	215
1003	215
1072	215
1124	215
1623	215
1644	212
247	212
1370	211
1524	211
1328	211
1389	209
1610	209
1531	209
1608	209
1413	209
104	207
1522	207
1423	207
1162	205
701	200
1272	199
838	199
1223	198
1390	195
1521	194
1324	194
788	192
1597	192
907	191
1420	191
1406	190
1529	190
626	190
1333	189
1456	188
1031	187
868	186
1516	186
1196	186
1271	185
442	185
1628	185
1528	183
1353	183
1427	183
1096	183
1448	182
1409	181
1442	180
1611	180
1261	180
1175	179
1299	178
1449	178
1043	177
1553	176
1602	175
1459	175
1517	174
1247	174
1189	173
1513	173
1326	172
1250	170
784	170
1191	170
1200	170
1346	169
1490	169
1499	169
1506	168
1177	165
1355	165
1242	164
1438	164
1496	164
1148	163
1301	163
1512	162
1535	155
1205	155
1432	154
1259	154
1186	154
1338	153
1594	153
1463	152
1477	152
1539	151
1327	151
1080	150
1590	150
1588	150
1317	148
1422	148
1158	148
75	146
598	145
1367	145
1418	145
1454	144
1504	143
1617	143
1417	142
852	141
1305	141
857	141
1470	141
830	141
814	141
1430	140
1646	139
1652	138
1164	138
1509	136
1629	135
1330	134
1474	134
920	134
1412	133
1260	132
1508	131
1631	127
1464	127
1323	125
1410	125
1345	124
1662	124
1443	121
1402	121
1670	121
1669	121
1668	121
1667	121
1666	121
1665	121
1663	121
1554	120
1585	120
1578	120
1549	120
1436	118
1361	118
1155	118
1347	117
1678	116
1680	116
1679	116
1397	115
666	114
1360	114
1642	114
1318	111
1485	111
1532	110
1429	110
1530	109
1613	109
1358	108
1424	108
1487	108
1558	108
1290	107
1639	107
1481	107
1433	104
1465	104
1359	103
1334	103
1624	102
1374	102
1625	102
1489	102
1502	102
1331	101
1350	101
1545	101
1396	99
1552	98
1332	98
1672	98
1622	98
1372	97
1555	97
1104	96
1357	94
1321	93
1362	92
1641	91
1640	91
1651	91
1650	91
1632	91
1649	91
1648	91
1633	91
1634	91
1635	91
1647	91
1636	91
1637	91
1638	91
1645	91
1630	91
119	88
1482	88
1354	88
1398	87
1123	86
1371	85
1541	83
1488	83
1656	82
1304	82
1365	82
1676	81
1675	81
1342	79
973	76
643	76
1621	76
1064	75
1341	74
1339	74
1329	74
1325	74
1320	74
1343	74
1348	74
1349	74
1352	74
1340	74
1366	74
1373	74
1363	74
1364	74
1525	70
1236	70
1595	70
1235	70
1596	70
1550	69
1125	68
1510	66
1671	65
1146	61
1523	59
1484	59
1603	59
1655	58
1497	55
1455	53
1519	53
1544	52
1408	52
1681	50
1027	50
1542	49
1547	48
1551	48
1500	48
1450	47
1677	47
1507	47
1201	47
1654	46
1556	45
1601	43
1447	43
1461	43
1460	43
1458	43
1457	43
1453	43
1452	43
1543	43
957	41
1593	40
1467	37
1660	36
600	36
1659	36
599	36
677	36
1307	35
1308	35
1306	35
1491	31
1476	31
1536	30
1559	29
1526	29
1546	29
1587	29
1586	29
1584	29
1548	29
1557	29
1583	29
1582	29
1581	29
1580	29
1579	29
1577	29
1576	29
1575	29
1574	29
1573	29
1572	29
1571	29
1570	29
1569	29
1568	29
1567	29
1566	29
1565	29
1564	29
1563	29
1562	29
1561	29
1657	26
1130	25
1653	25
1515	24
1520	24
1472	23
1156	22
711	22
1616	22
1414	21
1627	20
1606	19
1604	19
1533	19
1498	19
1494	19
1493	19
1492	19
1486	19
1661	18
1682	16
1614	15
1626	14
1673	14
1619	13
1505	12
1599	12
1674	11
1122	10
1618	8
1309	6
1310	6
